12:37:32 AM    318312    681744     68.17      5332    140700   3866644    188.93    165148    254280        16
12:37:33 AM    314620    685436     68.54      5496    140712   3994872    195.20    167424    254292        16
12:37:34 AM    306256    693800     69.38      6220    142612   3907964    190.95    174932    255324        24
12:37:35 AM    289688    710368     71.03      6264    148840   3907964    190.95    180896    259160        56
12:37:36 AM    290284    709772     70.97      6568    152164   3943048    192.67    190888    255580        56
12:37:37 AM    277112    722944     72.29      7200    156164   3981236    194.53    201004    258616        60
12:37:38 AM    271092    728964     72.89      7508    157716   3985460    194.74    205448    260004        60
12:37:39 AM    268892    731164     73.11      7776    158336   3989844    194.95    207240    260488        60
12:37:40 AM    248252    751804     75.18      7924    161000   4030444    196.94    225736    262552       144
12:37:41 AM    226476    773580     77.35      8492    163468   4081988    199.45    245196    264480        60
12:37:42 AM    226476    773580     77.35      8492    163468   4081988    199.45    245196    264480        60
12:37:43 AM    226476    773580     77.35      8492    163468   4081988    199.45    245196    264480        60
12:37:44 AM    226476    773580     77.35      8492    163468   4081988    199.45    245196    264480        60
12:37:45 AM    226476    773580     77.35      8492    163468   4081988    199.45    245196    264480        60
12:37:46 AM    226476    773580     77.35      8492    163468   4081988    199.45    245196    264480        60
12:37:46 AM    226476    773580     77.35      8492    163468   4081988    199.45    245196    264480        60
12:37:47 AM    226476    773580     77.35      8492    163468   4081988    199.45    245196    264480        60
12:37:48 AM    226476    773580     77.35      8492    163468   4081988    199.45    245196    264480        60
12:37:49 AM    226476    773580     77.35      8492    163468   4081988    199.45    245196    264480        60
12:37:50 AM    226476    773580     77.35      8492    163468   4081988    199.45    245196    264480        60